  1.0000000e+000  2.6176561e+000  3.1359116e+000  3.2027923e+000  2.4910867e+000  3.3796826e+000  1.3157579e+000  4.0261433e+000  1.4618317e+000  2.6684543e+000  3.3787672e+000
  2.0000000e+000  2.6379433e+000  4.2177349e+000  2.6171104e+000  3.0443049e+000  3.3604106e+000  2.0728241e+000  4.0282215e+000  2.8124901e+000  4.7177755e+000  3.5471273e+000
  1.0000000e+000  2.0497199e+000  3.3609031e+000  5.0623109e+000  3.0007439e+000  2.4684001e+000  3.9301491e+000  2.5112862e+000  2.9626233e+000  4.4207883e+000  3.5682803e+000
  2.0000000e+000  2.5572306e+000  2.4702410e+000  2.5268965e+000  2.4445160e+000  2.6222931e+000  2.3919731e+000  3.8403985e+000  2.1207621e+000  3.1301516e+000  3.4287061e+000
  2.0000000e+000  3.6270456e+000  1.4149744e+000  2.1712526e+000  3.6535990e+000  3.5816501e+000  3.3907435e+000  2.4292403e+000  2.4015345e+000  1.4554027e+000  4.0046295e+000
  2.0000000e+000  2.9714986e+000  2.3283004e+000  1.8345011e+000  5.5123383e+000  4.4869539e+000  2.3553706e+000  2.8022913e+000  2.7985380e+000  4.6218929e+000  3.1330521e+000
  2.0000000e+000  2.6690867e+000  2.4437393e+000  4.9503056e+000  2.9036731e+000  3.2757334e+000  3.2373366e+000  2.7475814e+000  4.0794148e+000  3.3840432e+000  2.4603417e+000
  2.0000000e+000  3.6626926e+000  4.4441700e+000  1.8836068e+000  2.2590875e+000  2.9540276e+000  2.1536906e+000  4.3512298e+000  3.0365607e+000  4.3022047e+000  3.3685154e+000
  2.0000000e+000  3.2014638e+000  2.4854653e+000  3.1793237e+000  2.4016294e+000  3.2953579e+000  3.4909985e+000  3.0490168e+000  2.5986756e+000  4.2619596e+000  3.0994141e+000
  1.0000000e+000  3.4236851e+000  3.3259708e+000  3.6276949e+000  2.8761654e+000  2.4857876e+000  2.6882665e+000  2.4567371e+000  3.6108110e+000  9.1187982e-001  3.1607003e+000
  2.0000000e+000  1.6531455e+000  2.2709351e+000  4.9054196e+000  4.0955742e+000  2.9953122e+000  3.5263618e+000  2.2523158e+000  2.7819145e+000  2.4174690e+000  1.5602764e+000
  1.0000000e+000  2.2175714e+000  3.9512997e+000  3.7118274e+000  2.7502943e+000  3.1087679e+000  2.8699821e+000  3.5431193e+000  3.9857995e+000  3.7285298e+000  3.9767869e+000
  2.0000000e+000  2.1269018e+000  2.0813856e+000  3.4758422e+000  4.5895640e+000  1.7009193e+000  4.0530571e+000  1.5175341e+000  7.8014253e-001  2.7692062e+000  3.6376263e+000
  2.0000000e+000  2.7178430e+000  4.0473415e+000  3.8084701e+000  3.1257183e+000  2.5642030e+000  1.6850918e+000  3.7157077e+000  2.6921553e+000  3.4985249e+000  3.2188504e+000
  2.0000000e+000  3.4728197e+000  2.1762191e+000  3.0781390e+000  1.1177560e+000  3.3795565e+000  1.6568015e+000  1.7811599e+000  2.0185068e+000  2.8265519e+000  3.8748206e+000
  2.0000000e+000  2.2279446e+000  1.8560250e+000  2.6455230e+000  3.1684365e+000  3.3724016e+000  3.2176475e+000  3.3108267e+000  3.2270053e+000  4.6267897e+000  1.9370282e+000
  2.0000000e+000  4.8927533e+000  1.4242427e+000  4.6420525e+000  4.0201531e+000  3.6428591e+000  3.1409973e+000  4.7281903e+000  2.9056425e+000  5.0375878e+000  4.7739025e+000
  2.0000000e+000  3.6203486e+000  4.7586713e+000  2.9504434e+000  8.7837209e-001  3.2519550e+000  3.5974045e+000  4.2044254e+000  2.2961068e+000  2.3411134e+000  1.9668655e+000
  2.0000000e+000  4.2692927e+000  1.8084624e+000  3.3483271e+000  3.0163884e+000  4.5333434e+000  2.5268335e+000  3.0872794e+000  3.7975610e+000  2.8219779e+000  3.3126141e+000
  1.0000000e+000  2.5498876e+000  3.6132333e+000  2.0164577e+000  2.7217456e+000  3.3644856e+000  1.0609161e+000  3.2056264e+000  3.8089095e+000  4.5451206e+000  2.0529268e+000
  2.0000000e+000  2.3908178e+000  4.0669082e+000  3.4872806e+000  2.9236653e+000  2.8529389e+000  1.5431637e+000  4.7175518e+000  3.5531601e+000  9.4313887e-001  4.0730226e+000
  2.0000000e+000  9.1693407e-001  1.2595038e+000  2.6437885e+000  3.5244185e+000  3.1005059e+000  3.1488670e+000  2.9691454e+000  1.4847935e+000  2.5066643e+000  1.5568824e+000
  2.0000000e+000  3.3461993e+000  1.6399021e+000  3.7948895e+000  8.6543924e-001  3.4311747e+000  2.6305640e+000  2.2973641e+000  3.7781634e+000  2.4966155e+000  3.2031760e+000
  2.0000000e+000  3.2557847e+000  1.3194226e+000  3.3558168e+000  2.4458354e+000  3.5886661e+000  3.7784365e+000  3.2483071e+000  1.9092369e+000  2.7650362e+000  2.7342926e+000
  2.0000000e+000  4.1424081e+000  4.7670773e+000  2.8335139e+000  3.6324113e+000  3.8210643e+000  2.4768653e+000  1.3438385e+000  3.1201694e+000  2.5636375e+000  3.0990109e+000
  2.0000000e+000  2.4549581e+000  2.4801744e+000  2.6313950e+000  2.4198796e+000  1.1032001e+000  3.9033274e+000  3.7443131e+000  2.8197204e+000  2.4757701e+000  2.3070873e+000
  2.0000000e+000  2.8509596e+000  2.9503512e+000  2.7347295e+000  3.3688702e+000  3.1175772e+000  2.9671152e+000  1.3977453e+000  3.0697325e+000  3.6921130e+000  4.5927426e+000
  1.0000000e+000  3.0813644e+000  3.2601116e+000  3.8770275e+000  3.9134682e+000  3.5847745e+000  3.5462832e+000  4.1538475e+000  2.8469018e+000  2.2535400e+000  3.3091010e+000
  2.0000000e+000  2.6858721e+000  2.8775687e+000  2.9501725e+000  2.7600861e+000  3.4237265e+000  2.8316480e+000  2.1580062e+000  2.8066555e+000  2.7269313e+000  1.3072521e+000
  2.0000000e+000  2.9358501e+000  4.2859552e+000  5.1441131e+000  2.0680631e+000  1.8812620e+000  4.8878994e+000  4.0539355e+000  4.4350811e+000  2.1927719e+000  2.7855802e+000
  2.0000000e+000  6.1581165e-001  4.1474208e+000  3.4333601e+000  4.0194917e+000  2.3787710e+000  3.3548895e+000  3.7973817e+000  1.1562787e+000  1.9211538e+000  1.8845788e+000
  2.0000000e+000  1.9622995e+000  2.5085947e+000  3.7124509e+000  2.4161801e+000  2.4676317e+000  1.8929816e+000  2.7237278e+000  3.9367777e+000  2.7102595e+000  1.4027604e+000
  2.0000000e+000  3.8673494e+000  2.7074942e+000  2.5910568e-001  3.2309231e+000  3.9964990e+000  2.7911820e+000  1.9043359e+000  3.1094417e+000  2.4376489e+000  2.8593774e+000
  1.0000000e+000  2.7296229e+000  3.3148383e+000  2.1554757e+000  2.1045879e+000  3.5678602e+000  2.8258485e+000  3.3552268e+000  3.7936606e+000  3.0156982e+000  3.3443262e+000
  2.0000000e+000  3.5720953e+000  3.8847951e+000  4.1506230e+000  2.6060120e+000  3.5490845e+000  2.3027551e+000  1.4710266e+000  3.5360508e+000  1.9100206e+000  2.9550937e+000
  2.0000000e+000  1.8924891e+000  2.4329935e+000  2.4791942e+000  2.6837023e+000  3.6911169e+000  3.1663548e+000  2.8665486e+000  3.1502142e+000  1.3339347e+000  4.2818409e+000
  2.0000000e+000  1.9684052e+000  2.3415756e+000  3.1788673e+000  2.9517755e+000  2.6855253e+000  4.6877401e+000  4.3453993e+000  3.9939756e+000  3.2677795e+000  3.3002967e+000
  1.0000000e+000  2.9272453e+000  3.2813403e+000  3.3366047e+000  1.8091476e+000  2.9870766e+000  3.9769190e+000  3.1639149e+000  2.8994078e+000  2.9117242e+000  3.1640219e+000
  2.0000000e+000  2.8483013e+000  3.5371021e+000  1.6722974e+000  3.2568416e+000  2.1477120e+000  1.1276706e+000  1.8871728e+000  3.7697030e+000  5.0863006e+000  2.3035289e+000
  2.0000000e+000  2.8761313e+000  4.3237539e+000  2.1647145e+000  3.8029403e+000  2.6243074e+000  1.5943875e+000  4.3941176e+000  4.0326801e+000  3.7055511e+000  2.4873041e+000
  2.0000000e+000  3.1056415e+000  4.2390019e+000  2.2095552e+000  3.5955249e+000  9.4053256e-001  3.7502151e+000  4.6501134e+000  2.1525632e+000  2.6927326e+000  3.0237769e+000
  2.0000000e+000  1.5834718e+000  2.5204682e+000  2.2990120e+000  3.7189553e+000  3.0954809e+000  4.3681053e+000  3.7140617e+000  2.5687060e+000  3.6481926e+000  2.5883866e+000
  2.0000000e+000  2.3567520e+000  4.5436956e+000  3.2468639e+000  2.3920358e+000  3.2289872e+000  3.0391323e+000  3.9403874e+000  4.9783612e+000  3.1473059e+000  3.8975416e+000
  2.0000000e+000  2.5117900e+000  3.9689103e+000  2.1033576e+000  2.7698272e+000  3.8149059e+000  2.9650899e+000  3.6336154e+000  1.7479261e+000  4.3933946e+000  2.9588626e+000
  2.0000000e+000  3.8578030e+000  4.0849221e+000  3.4455763e+000  2.8475210e+000  2.9816029e+000  2.1592243e+000  4.5413815e+000  2.8130365e+000  4.0401650e+000  3.2086056e+000
  2.0000000e+000  1.8938043e+000  2.7862426e+000  3.6914290e+000  1.7545064e+000  2.9463156e+000  4.2255513e+000  1.9986072e+000  4.7017659e+000  2.6605478e+000  1.5724016e+000
  2.0000000e+000  2.7376654e+000  3.6667666e+000  3.0738102e+000  2.9480009e+000  1.8198083e+000  3.2293346e+000  2.6424552e+000  2.6559146e+000  1.9705815e+000  3.6719343e+000
  2.0000000e+000  4.0108292e+000  2.4646146e+000  2.2642221e+000  2.7880425e+000  3.8644525e+000  2.6561186e+000  2.5511729e+000  2.9053122e+000  2.9078441e+000  2.4661958e+000
  1.0000000e+000  5.0183520e+000  3.5847240e+000  2.7510902e+000  1.6472570e+000  3.2191054e+000  3.1248031e+000  3.5571220e+000  3.4089981e+000  3.8868228e+000  1.7219079e+000
  2.0000000e+000  2.0996491e+000  2.5152718e+000  2.9767477e+000  3.8342860e+000  3.2644013e+000  1.3866554e+000  3.4071340e+000  2.3907320e+000  2.4533267e-001  4.2180425e+000
  2.0000000e+000  1.9420107e+000  2.1433211e+000  3.2993874e+000  3.1509428e+000  2.0073449e+000  2.3089806e+000  2.8506845e+000  2.5059833e+000  2.9605095e+000  4.0489358e+000
  2.0000000e+000  2.9292470e+000  2.2943819e+000  2.2410440e+000  2.2475272e+000  4.2383610e+000  1.2798815e+000  1.4460885e+000  2.9592879e+000  3.8997195e+000  4.7861739e+000
  2.0000000e+000  2.6746620e+000  2.2870868e+000  1.3415639e+000  1.1511768e+000  2.7359252e+000  1.8447362e+000  3.0635910e+000  1.6376755e+000  2.4851175e+000  2.6621084e+000
  2.0000000e+000  2.4358845e+000  2.9959254e+000  4.1491556e+000  4.1546096e+000  2.8368856e+000  3.0285457e+000  2.8125022e+000  3.8418715e+000  1.4082215e+000  2.5068298e+000
  2.0000000e+000  3.0310768e+000  2.8177188e+000  2.6164379e+000  2.8927848e+000  2.0498253e+000  3.2374497e+000  2.3802422e+000  3.8597083e+000  3.8058372e+000  2.9280675e+000
  2.0000000e+000  3.8281481e+000  9.4186422e-001  3.1701987e+000  3.0577882e+000  1.5825907e+000  2.4301466e+000  2.6176476e+000  2.8795428e+000  3.1796996e+000  2.7640206e+000
  2.0000000e+000  2.0969813e+000  4.0244019e+000  3.4375178e+000  3.1221478e+000  2.8224915e+000  2.0711386e+000  3.5232010e+000  3.7271551e+000  3.9740778e+000  2.3325562e+000
  2.0000000e+000  3.9303927e+000  3.6813432e+000  1.7402570e+000  2.4195585e+000  2.4874239e+000  1.3820286e+000  5.1576388e+000  2.4828796e+000  2.8111129e+000  3.0085229e+000
  2.0000000e+000  2.9199465e+000  1.7352778e+000  2.2207629e+000  3.9525873e+000  3.7606781e+000  1.5366907e+000  2.1426654e+000  3.1497161e+000  2.0349993e+000  3.0376303e+000
  2.0000000e+000  2.9143537e+000  2.4196758e+000  2.8392731e+000  3.8246631e+000  2.4951785e+000  2.1122490e+000  2.5858072e+000  2.2866956e+000  2.4558269e+000  1.8688434e+000
  1.0000000e+000  2.6347338e+000  3.7154329e+000  2.7044335e+000  1.3921351e+000  2.8558661e+000  2.1899816e+000  3.9539978e+000  3.1158655e+000  4.5621217e+000  3.9335140e+000
  2.0000000e+000  3.9938378e+000  1.7152728e+000  2.6274695e+000  2.5361535e+000  2.4663442e+000  2.2290720e+000  2.4726817e+000  1.4544676e+000  1.5459209e+000  4.5398687e+000
  2.0000000e+000  4.8046907e+000  4.8339393e+000  3.4145848e+000  2.6328936e+000  2.2457275e+000  3.8522592e+000  4.4467778e+000  2.3962503e+000  2.5352783e+000  2.2894386e+000
  2.0000000e+000  3.9779358e+000  1.7427378e+000  2.7267202e+000  2.8354704e+000  1.8094366e+000  3.7077986e+000  2.7751139e+000  3.9892048e+000  9.0718854e-001  5.0301950e+000
  1.0000000e+000  2.4377589e+000  3.0594990e+000  2.5216259e+000  2.6402018e+000  2.0193559e+000  4.6881111e+000  3.2118631e+000  8.3328216e-001  3.5853560e+000  2.5775658e+000
  1.0000000e+000  3.7953447e+000  3.2253797e+000  2.1524106e+000  1.5896102e+000  2.7715523e+000  2.8371014e+000  2.8224507e+000  4.3506125e+000  4.1213973e+000  4.1412791e+000
  2.0000000e+000  2.5316533e+000  1.7271062e+000  3.5070875e+000  8.7944957e-001  3.6643756e+000  3.4945500e+000  2.6871269e+000  3.1525195e+000  2.3629023e+000  3.4577679e+000
  2.0000000e+000  3.3641175e+000  1.9171066e+000  2.4323048e+000  3.9202053e+000  1.4906097e+000  2.6046585e+000  3.6745175e+000  3.7434694e+000  2.3983892e+000  2.5700022e+000
  2.0000000e+000  4.1147062e+000  2.5607026e+000  8.5572856e-001  2.5144389e+000  1.7288726e+000  3.7819292e+000  2.7954179e+000  2.4620078e+000  2.0915689e+000  2.1363241e+000
  2.0000000e+000  3.1969074e+000  1.2865573e+000  4.5682871e+000  1.8735023e+000  3.7406190e+000  3.3992381e+000  1.8871481e+000  3.6437457e+000  3.6851550e+000  2.7278794e+000
  2.0000000e+000  1.9352239e+000  2.5434896e+000  3.5555880e+000  1.3411792e+000  2.4459229e+000  2.2732641e+000  3.9584459e+000  4.5570469e+000  2.6819423e+000  4.0576576e+000
  2.0000000e+000  2.6564536e+000  2.4393515e+000  1.0542114e+000  1.4738606e+000  3.2325667e-001  2.7154787e+000  2.0873614e+000  4.6491020e+000  1.8115694e+000  4.7342726e+000
  2.0000000e+000  2.7388070e+000  2.2350930e+000  4.0582355e+000  3.4931775e+000  3.7391751e+000  2.7234691e+000  1.2601639e+000  3.7251245e+000  1.7487751e+000  4.6125680e+000
  2.0000000e+000  1.8788338e+000  1.8713442e+000  4.9259588e+000  3.3385798e+000  2.7207843e+000  3.7416930e+000  3.2679381e+000  3.0222500e+000  2.6703648e+000  5.7719719e+000
  2.0000000e+000  4.3209916e+000  2.6716425e+000  2.5479320e+000  1.8736306e+000  4.4486556e+000  2.3737101e+000  3.3596563e+000  2.2089365e+000  1.3511601e+000  2.6390727e+000
  2.0000000e+000  2.4150125e+000  2.7674383e+000  2.2232177e+000  2.7250722e+000  1.7083054e+000  3.6785456e+000  3.3470639e+000  2.8052593e+000  3.3994109e+000  2.9602406e+000
  2.0000000e+000  2.8710212e+000  3.7083094e+000  2.9083807e+000  2.1899166e+000  3.8301805e+000  3.0364664e+000  2.6557617e+000  4.2518344e+000  3.1843287e+000  2.8062909e+000
  2.0000000e+000  2.0858312e+000  4.4316061e+000  3.4092540e+000  1.8588457e+000  2.6937118e+000  3.5631223e+000  3.2781335e+000  3.1485793e+000  4.3136826e+000  3.6240271e+000
  2.0000000e+000  4.8584390e+000  1.9272419e+000  1.2313171e+000  2.6119138e+000  2.4436425e+000  2.3047603e+000  2.9362056e+000  2.9533055e+000  2.3256626e+000  3.6866341e+000
  2.0000000e+000  3.4800984e+000  4.3763892e+000  9.8377836e-001  3.7799403e+000  8.3017197e-001 -4.2242588e-003  2.1939991e+000  2.3337378e+000  2.1330301e+000  1.7059806e+000
  2.0000000e+000  2.8979123e+000  3.9365258e+000  3.6239084e+000  2.3804364e+000  3.9561634e+000  4.0391820e+000  1.1326846e+000  3.4532857e+000  3.5158794e+000  1.8667649e+000
  2.0000000e+000  4.3613201e+000  3.4249023e+000  4.3346373e+000  3.7850205e+000  1.9539739e+000  3.9611101e+000  3.3579810e+000  2.6410872e+000  1.8913943e+000  2.7986231e+000
  2.0000000e+000  3.3442751e+000  1.3872438e+000  2.8209038e+000  1.2710310e+000  3.1400811e+000  3.8253645e+000  4.3972854e+000  4.4502305e+000  2.9118166e+000  2.1901479e+000
  1.0000000e+000  4.3145957e+000  3.3855079e+000  1.8992871e+000  5.7225192e+000  2.3188974e+000  1.7955082e+000  2.2131009e+000  9.5480724e-001  3.9634495e+000  5.1752607e+000
  2.0000000e+000  3.1573107e+000  4.2383246e+000  3.6326870e+000  1.2510069e+000  1.6442949e+000  2.9026512e+000  2.7727039e+000  3.3856735e+000  3.7434221e+000  2.8897245e+000
  2.0000000e+000  3.5629624e+000  4.7197496e+000  2.6717837e+000  2.1145693e+000  2.1397983e+000  1.6063020e+000  2.6067076e+000  1.9995745e+000  3.2862631e+000  2.7209169e+000
  2.0000000e+000  5.0561081e+000  1.7125959e+000  2.9621656e+000  4.4047123e+000  5.1421459e-001  2.4279271e+000  4.1860671e+000  3.0093320e+000  1.9283869e+000  1.6540020e+000
  2.0000000e+000  3.5167217e+000  3.6599775e+000  3.5176184e+000  3.5085609e+000  1.3764606e+000  3.2908936e+000  5.2342755e+000  4.2213302e+000  2.5201979e+000  2.0017959e+000
  2.0000000e+000  3.7216869e+000  1.4075780e+000  3.5391094e+000  3.8120989e+000  2.8274342e+000  4.2320377e+000  4.2551076e+000  3.0346031e+000  3.1489172e+000  3.2397306e+000
  2.0000000e+000  2.2521221e+000  2.5690102e+000  3.2205257e+000  3.3316689e+000  4.3663702e+000  2.0267183e+000  2.8030953e+000  3.8134893e+000  1.5390009e+000  3.9769475e+000
  2.0000000e+000  2.5498217e+000  4.5348755e+000  2.0791310e+000  1.1760863e+000  1.4211602e+000  3.2158777e+000  5.3006517e+000  2.8143648e+000  3.6650115e+000  2.3597723e+000
  2.0000000e+000  2.5578437e+000  3.5514458e+000  2.3045935e+000  1.8090562e+000  4.2988031e+000  4.1102398e+000  3.9282638e+000  2.3767840e+000  4.6871664e+000  1.4950362e+000
  2.0000000e+000  2.3878164e+000  3.3181664e+000  2.5670556e+000  3.6644243e+000  4.7512747e+000  2.1477203e+000  1.0948197e+000  2.0697990e+000  3.0327317e+000  1.4774338e+000
  2.0000000e+000  4.6352540e+000  4.7361851e+000  3.0853687e+000  2.0237769e+000  2.8818300e+000  2.6385734e+000  6.9691950e+000  2.5257625e+000  4.8296620e+000  2.5765565e+000
  1.0000000e+000  1.8251179e+000  3.5826296e+000  2.9146994e+000  3.1708814e+000  3.2830093e+000  4.2928025e+000  2.3970843e+000  3.7656914e+000  3.3762080e+000  3.0153555e+000
  2.0000000e+000  3.5367999e+000  4.9581142e+000  2.7873954e+000  2.8615388e+000  3.1454884e+000  3.7701625e+000  1.3215898e+000  2.0973277e+000  2.4847609e+000  2.1842147e+000
  2.0000000e+000  3.6202085e+000  2.6538874e+000  3.4183692e+000  3.1309385e+000  2.8502967e+000  4.2737360e+000  3.6918649e+000  4.3523157e+000  3.1902356e+000  1.2301748e+000
  2.0000000e+000  3.6322033e+000  2.4147108e+000  2.7333870e+000  3.0806760e+000  2.8178067e+000  3.7341371e+000  2.9969611e+000  3.7851450e+000  3.0515126e+000  3.6103939e+000
  2.0000000e+000  4.1358318e+000  1.4921013e+000  3.0122028e+000  1.9637632e+000  2.4557100e+000  3.1743335e+000  2.6978050e+000  2.0359236e+000  3.1546515e+000  1.7845947e+000
  2.0000000e+000  3.3365030e+000  2.4288251e+000  4.6294936e+000  4.0139543e+000  1.6549467e+000  2.7845348e+000  4.2217008e+000  4.1910494e+000  3.1576086e+000  3.4475226e+000
